0.021032,-0.006099,-0.000119
0.044804,0.031479,0.008286
0.041481,0.028384,0.004888
0.019960,-0.006989,0.002234
0.045781,0.033388,0.009710
0.019723,-0.006042,-0.002075
0.028108,0.000606,-0.004570
0.043693,0.032282,0.007384
0.021958,-0.004876,-0.002995
0.045632,0.034766,0.009423
0.044888,0.034804,0.008759
0.025033,-0.002753,-0.003774
0.031774,0.006086,-0.004449
0.020365,-0.006625,-0.001507
0.044363,0.031818,0.007589
0.031056,0.004938,-0.005079
0.021246,-0.005390,-0.001680
0.023248,-0.004856,-0.001191
0.022257,-0.005045,-0.001791
0.020818,-0.006696,0.003164
0.023497,-0.004088,-0.002702
0.030770,0.004364,-0.005106
0.015315,-0.008635,-0.000613
0.042698,0.027431,0.008200
0.017822,-0.007718,0.000526
0.019251,-0.000076,-0.008993
0.045966,0.033709,0.010199
0.023078,-0.004700,-0.001373
0.032897,0.016768,0.007144
0.026282,-0.001860,-0.003878
0.020189,-0.001636,-0.007548
0.019742,-0.007175,0.002489
0.020559,-0.004706,-0.004188
0.021422,-0.005468,-0.002217
0.020300,-0.006471,0.000575
0.032228,0.006818,-0.002887
0.044711,0.031236,0.009569
0.045098,0.032416,0.008776
0.045792,0.033452,0.009964
0.044672,0.031905,0.008792
0.021018,-0.005711,-0.002426
0.024495,0.005237,-0.010322
0.046115,0.034805,0.009962
0.023115,-0.004911,-0.003222
0.021774,-0.005691,-0.000376
0.018388,-0.007118,-0.000176
0.020978,-0.005878,-0.002140
0.022228,-0.005014,-0.002526
0.044031,0.029619,0.008014
0.023936,-0.003257,-0.004067
0.019594,-0.006848,-0.000874
0.019836,-0.006867,0.000139
0.044178,0.031219,0.007516
0.016917,0.007655,-0.009394
0.020980,-0.006364,0.000535
0.018910,-0.007352,0.001522
0.042908,0.027988,0.006836
0.028244,0.007168,-0.004187
0.020147,-0.006300,-0.001647
0.045332,0.033218,0.010085
0.041338,0.024228,0.004587
0.017869,-0.007607,-0.000765
0.019985,-0.006431,-0.002007
0.045568,0.034778,0.009716
0.043063,0.028561,0.008661
0.046043,0.034587,0.010316
0.018293,-0.007497,0.000755
0.020662,-0.006424,0.000315
0.026776,-0.001185,-0.004123
0.021669,-0.005404,-0.001917
0.022841,-0.004598,-0.002001
0.044171,0.030030,0.008227
0.045985,0.034696,0.010180
0.027120,0.000755,-0.006306
0.027077,-0.000701,-0.004423
0.019350,-0.007046,0.000511
0.019265,-0.007158,0.001315
0.045065,0.032937,0.008361
0.018309,-0.007597,0.001704
0.018609,-0.006534,-0.003129
0.044491,0.033267,0.008488
0.023702,0.004434,-0.011030
0.027489,0.000086,-0.004511
0.021006,-0.006295,0.000563
0.022113,-0.005204,-0.002215
0.045052,0.033758,0.009034
0.025758,-0.002289,-0.003658
0.022216,-0.005211,-0.001133
0.018973,-0.007052,-0.002218
0.032250,0.016044,0.007019
0.017884,-0.007740,0.000855
0.018945,-0.007618,0.002482
0.018392,-0.000711,-0.008456
0.019675,-0.006843,0.000547
0.026007,-0.001143,-0.004196
0.020154,-0.006578,0.000433
0.021390,-0.005939,0.000072
0.023190,-0.004662,-0.001992
0.019009,0.001379,-0.009854
0.044086,0.029850,0.008247
0.022408,0.000420,-0.009444
0.043567,0.032245,0.006976
0.029644,0.004874,-0.005598
0.043804,0.032551,0.007467
0.021861,-0.005550,-0.000899
0.016882,0.005584,-0.009864
0.044284,0.033974,0.008159
0.019907,-0.006679,-0.000460
0.027198,-0.000424,-0.004762
0.019085,-0.007347,0.002070
0.020793,-0.006378,0.000426
0.044952,0.032021,0.008239
0.027956,-0.000221,-0.003483
0.022417,-0.003623,-0.004568
0.043856,0.033110,0.007322
0.019828,-0.006490,-0.001991
0.045108,0.032268,0.008866
0.044852,0.031990,0.008892
0.044015,0.033394,0.007902
0.046022,0.034881,0.009963
0.019596,-0.006971,-0.001231
0.045561,0.034378,0.009201
0.043356,0.030700,0.006447
0.012805,0.004054,-0.010746
0.017669,0.005154,-0.009325
0.044404,0.030494,0.008984
0.020100,-0.006982,0.002499
0.044382,0.031028,0.007615
0.042377,0.025991,0.005821
0.043792,0.033366,0.007599
0.044532,0.033258,0.009113
0.023170,-0.004204,-0.002629
0.043997,0.032637,0.007411
0.023157,-0.004539,-0.001785
0.020424,-0.007039,0.003876
0.020601,-0.006410,0.001298
0.022966,-0.004533,-0.002868
0.045364,0.032577,0.009400
0.017880,-0.002501,-0.007103
0.029025,0.002322,-0.004739
0.019223,-0.007318,-0.000026
0.019694,-0.006828,0.000510
0.045445,0.032542,0.009414
0.006128,-0.005251,-0.017811
0.019351,-0.007185,0.001634
0.027541,-0.000262,-0.004438
0.019621,-0.006656,-0.001830
0.044437,0.034495,0.008201
0.022937,-0.004657,-0.002183
0.046363,0.034613,0.010198
0.021013,-0.006140,-0.000183
0.045415,0.033801,0.008754
0.018929,-0.005938,-0.003958
0.023709,-0.004571,-0.001834
0.024469,-0.003290,-0.003800
0.045127,0.033141,0.009760
0.045612,0.033631,0.009268
0.045479,0.034796,0.009323
0.006479,-0.005024,-0.017747
0.019588,-0.007519,0.003657
0.025618,-0.001784,-0.002693
0.020808,-0.006325,0.000211
0.021275,-0.006065,-0.001288
0.019453,-0.007204,0.002162
0.044752,0.032237,0.008923
0.020046,-0.007194,0.002830
0.023001,-0.004566,-0.001842
0.022093,-0.005112,-0.002125
0.019895,-0.006569,0.000070
0.043177,0.032459,0.006701
0.022064,-0.005586,-0.000568
0.022342,-0.005472,-0.000936
0.043469,0.028642,0.007599
0.044004,0.029632,0.007541
0.019582,-0.006896,0.000704
0.019733,-0.006797,0.000510
0.023066,-0.004365,-0.002262
0.018316,-0.005470,-0.005044
0.044576,0.031207,0.008179
0.019947,-0.005993,-0.001802
0.020058,-0.006647,0.000850
0.033109,0.018134,0.009601
0.041530,0.025322,0.005418
0.015242,0.005042,-0.010477
0.014539,0.008411,-0.009135
0.044562,0.030930,0.007939
0.025185,-0.002456,-0.003624
0.017888,-0.007803,0.000254
0.043416,0.032187,0.006993
0.023693,-0.004011,-0.003108
0.018754,-0.007945,0.002828
0.007778,-0.004896,-0.017828
0.014452,0.007172,-0.009470
0.019337,-0.007542,0.003792
0.021437,-0.005831,-0.000954
0.023286,-0.004324,-0.002931
0.019731,-0.006850,0.001548
0.044931,0.031939,0.009631
0.021887,-0.005324,-0.001608
0.021214,-0.006086,0.000584
0.022008,-0.005614,-0.000769
0.018410,-0.007484,-0.000524
0.019730,-0.006876,0.000542
0.019627,-0.007012,0.001524
0.021783,-0.005508,-0.000444
0.020229,-0.006577,-0.000334
-0.010307,0.004524,-0.013728
0.019395,-0.007039,0.000745
0.045286,0.032450,0.008896
0.021035,-0.006040,-0.001554
0.020332,-0.007102,0.003727
0.042285,0.025417,0.005387
0.044377,0.030220,0.007773
0.019898,-0.005305,-0.002331
0.019338,-0.007091,0.000117
0.024341,-0.003716,-0.003323
0.019834,-0.006785,0.000519
0.045185,0.032981,0.010201
0.027054,-0.000930,-0.004119
0.043591,0.032521,0.007094
0.018563,-0.007476,-0.000767
-0.012387,0.004873,-0.011234
0.023273,-0.004233,-0.003141
0.045234,0.033489,0.008997
0.018792,-0.007230,-0.000548
0.022840,-0.004645,-0.002392
0.019319,-0.003659,-0.006148
0.044044,0.029537,0.008868
0.020706,-0.006286,-0.000595
0.017037,-0.008599,0.002987
0.024326,-0.003064,-0.004560
0.022383,-0.001797,-0.006727
0.026406,0.000531,-0.006835
0.017553,0.003892,-0.009893
0.023672,-0.004675,-0.001016
0.044675,0.034414,0.008588
0.046492,0.035018,0.010406
0.028981,0.001845,-0.004473
0.019667,-0.006884,-0.000761
0.018221,-0.007524,0.000955
0.003129,-0.012656,-0.001916
0.021805,-0.005946,0.000534
0.018071,-0.007554,0.000931
0.021761,-0.005249,-0.001673
0.021752,-0.005275,-0.002375
0.019980,-0.006711,-0.000286
-0.010622,0.005038,-0.013438
0.021834,-0.005630,-0.000616
0.020402,-0.005303,-0.002214
0.045224,0.033432,0.009725
0.020699,-0.006342,0.000498
0.017611,-0.007722,0.001237
0.020390,-0.006293,-0.001415
0.023354,-0.004728,-0.003349
0.043249,0.028233,0.007175
0.042997,0.031703,0.007008
0.013250,0.012057,-0.013656
0.045769,0.033261,0.009757
0.029559,0.002478,-0.004305
0.025325,-0.002688,-0.003622
0.045455,0.033598,0.009404
0.020018,-0.006060,-0.002451
0.041921,0.025765,0.005031
0.020031,-0.005676,-0.001820
0.044641,0.031048,0.008333
0.044377,0.030467,0.007917
0.020945,-0.006644,0.001764
0.023791,-0.003939,-0.003258
0.019354,0.000400,-0.009527
0.020236,-0.006618,0.001769
0.044715,0.032722,0.008131
0.033064,0.018072,0.009535
0.046070,0.034903,0.009935
0.019371,-0.006955,0.000187
0.019035,-0.006267,-0.002334
0.021446,-0.005770,-0.000535
0.022487,-0.005446,-0.000154
0.042819,0.031512,0.006282
0.036489,0.014971,-0.000080
0.029006,0.004398,-0.004872
0.045067,0.033758,0.008344
0.042982,0.027693,0.006918
0.020020,-0.007117,0.003525
0.022328,-0.004978,-0.002470
0.019355,-0.007039,-0.001747
0.018687,-0.007364,0.000814
0.020198,-0.007171,0.003769
0.042005,0.025855,0.006107
0.019439,-0.005899,-0.002858
0.023588,-0.004045,-0.001824
0.042464,0.030896,0.005961
0.018213,-0.007505,0.001011
0.043396,0.031985,0.007130
0.044974,0.033264,0.008619
0.015692,0.005029,-0.011161
0.043298,0.030380,0.006595
0.013827,0.005685,-0.010019
0.020194,-0.007203,0.002941
0.018519,-0.007587,0.002128
0.017527,-0.006387,-0.000909
0.044132,0.030147,0.007560
0.030925,0.005215,-0.004413
0.045011,0.031713,0.008658
0.021688,-0.005997,-0.002228
0.044819,0.032546,0.008752
0.042834,0.031642,0.006343
0.044159,0.029956,0.008011
0.018234,-0.007631,0.000826
0.020125,-0.001692,-0.006825
0.016859,-0.008040,-0.000232
0.018655,-0.007384,0.000299
0.022763,-0.005010,-0.001214
0.022574,-0.004611,-0.002962
0.043459,0.031936,0.006836
0.020935,-0.006027,-0.000234
0.019159,-0.005283,-0.004615
0.021302,-0.005998,0.000376
0.017342,-0.007305,0.000298
0.019385,-0.007372,0.001168
0.041724,0.024935,0.006437
0.043325,0.028402,0.006736
0.045395,0.034264,0.009301
0.021890,-0.004758,-0.002718
0.045630,0.033082,0.009403
0.023939,-0.004280,-0.001758
0.043742,0.032914,0.007377
0.020900,-0.004420,-0.004098
0.045737,0.034686,0.009673
0.024589,0.001184,-0.008959
0.024399,-0.003503,-0.003037
0.024262,-0.001877,-0.007422
0.043038,0.031274,0.006542
0.043512,0.032958,0.007166
0.020829,-0.005034,-0.001749
0.021988,-0.005177,-0.002119
0.020773,-0.006712,0.001577
0.045389,0.033752,0.008906
0.021992,-0.004614,-0.002310
0.029032,0.001931,-0.004670
0.023387,-0.004439,-0.001868
0.045062,0.033436,0.008284
0.025133,-0.002796,-0.003121
0.042388,0.027361,0.006555
0.044561,0.031289,0.010259
0.043361,0.032832,0.006773
0.046084,0.034917,0.010020
0.044470,0.033437,0.007763
0.045834,0.033367,0.009686
0.045226,0.031966,0.009048
0.021062,-0.006458,0.001147
0.025527,-0.002509,-0.003694
0.030120,0.003197,-0.004057
0.021710,-0.005388,-0.000538
0.032272,0.016760,0.008199
0.023232,-0.004601,-0.001841
0.019254,-0.007116,0.000570
0.017445,-0.008432,0.003421
0.023996,-0.004028,-0.002360
0.043615,0.028995,0.008034
0.045247,0.032163,0.009131
0.043908,0.029817,0.007167
0.036279,0.013938,0.000436
0.020962,-0.006209,-0.000107
0.021053,-0.005753,-0.000328
0.042836,0.027831,0.006720
0.018592,-0.007524,-0.000974
0.020824,-0.006313,0.000469
0.021714,-0.005842,-0.000150
0.020286,-0.005845,-0.002118
0.018074,0.001842,-0.010296
0.044032,0.031687,0.007302
0.026070,-0.001530,-0.004842
0.016430,0.003848,-0.010825
0.027684,0.001005,-0.004793
0.019545,-0.006900,0.000484
0.043013,0.032200,0.006469
0.042585,0.026546,0.005985
0.017005,0.004352,-0.010464
0.042345,0.025795,0.006205
0.022799,-0.005337,-0.000399
0.023250,-0.004756,-0.001454
0.013974,-0.009679,-0.003869
0.022780,-0.004435,-0.003233
0.045061,0.033900,0.009306
0.020494,-0.006351,-0.000198
0.024336,-0.003268,-0.004379
0.045630,0.034640,0.009600
0.020273,-0.006861,0.001904
0.021288,-0.005970,0.000504
0.005700,-0.012169,-0.002470
0.027403,0.003471,-0.007486
0.018987,-0.007404,0.001647
0.020114,-0.007012,0.000337
0.042995,0.031831,0.006570
0.017929,-0.008244,0.003377
0.020278,-0.007026,0.003128
0.045517,0.032536,0.009326
0.020177,-0.007186,0.002903
0.043603,0.032980,0.007118
0.018655,-0.007482,0.001990
0.018005,-0.005508,-0.010618
-0.007970,-0.003280,-0.009431
-0.017639,0.010225,-0.005166
0.015890,-0.009038,0.003788
0.010362,-0.011059,0.001962
0.010765,-0.010745,0.004158
0.017565,-0.004968,-0.010928
0.009472,-0.011694,-0.001875
0.013853,-0.009759,0.004196
0.014291,0.005326,-0.015505
0.013650,0.004558,-0.015594
0.007427,-0.012107,-0.002464
0.006527,-0.012672,-0.002104
0.010670,-0.010118,0.004207
0.013618,-0.010642,0.000586
0.003976,-0.012240,-0.001911
0.008425,-0.010143,0.003549
0.003368,-0.013056,-0.001251
-0.001725,0.006593,0.001472
0.004072,-0.012022,-0.000656
0.002411,-0.012932,-0.001000
0.010392,-0.009653,0.002170
-0.013939,0.003389,-0.008639
0.010745,-0.009465,0.003911
0.014596,0.005279,-0.015247
0.003433,-0.011722,-0.002059
-0.000683,-0.012521,0.000264
0.009691,-0.011879,-0.000435
-0.000682,-0.012471,-0.000037
0.008753,-0.011232,-0.000860
-0.008184,-0.002398,-0.010523
0.011868,-0.011384,-0.003548
0.010978,-0.010342,0.003808
-0.008040,-0.004462,-0.007809
0.010842,-0.010411,0.004900
0.005125,-0.005221,-0.015729
0.009652,-0.004091,-0.014733
0.003640,-0.012973,-0.001937
0.011515,-0.010072,0.003008
0.007836,-0.010084,0.004761
0.005948,-0.011931,-0.003216
-0.008159,-0.000834,-0.007404
0.012866,-0.010058,0.004270
0.010294,-0.009961,0.002610
-0.001900,-0.012747,0.001383
0.007961,-0.011323,-0.001601
0.008534,-0.010908,-0.001097
-0.008589,-0.002191,-0.010116
0.012451,-0.009595,0.002947
0.000479,-0.007196,0.014275
0.010563,0.007414,-0.014017
0.011700,0.003215,-0.010585
0.009726,-0.008461,0.004701
-0.008188,-0.002882,-0.009827
0.001075,-0.012179,-0.000293
-0.008663,-0.003348,-0.008381
0.010850,-0.009532,0.003745
0.012197,-0.009727,0.002103
-0.000401,-0.012613,-0.000070
0.010411,-0.008898,0.003916
-0.001249,-0.012727,0.000897
0.012562,-0.010065,0.005570
0.009653,-0.009128,0.003775
0.006052,-0.011247,-0.000841
0.009000,-0.010751,-0.000638
-0.006766,-0.003529,-0.010889
0.016409,-0.008388,-0.007955
0.002528,-0.012315,-0.000858
0.007932,0.007557,-0.012901
0.012342,-0.010299,0.004862
0.007358,-0.011050,-0.001289
0.011101,-0.011267,-0.003436
0.000064,-0.013240,-0.000062
0.001030,-0.013672,-0.000694
0.005613,-0.012693,-0.001954
0.010674,-0.010405,0.002604
0.003041,-0.005071,-0.015759
0.011348,-0.010199,0.006905
-0.016943,0.009923,-0.006459
0.002157,-0.012726,-0.000850
0.011911,-0.009763,0.003816
0.000005,-0.009268,-0.007612
0.011468,-0.009803,0.003471
0.011806,-0.011110,-0.004264
0.000719,-0.013919,-0.000452
0.009955,-0.010366,0.000186
0.000932,-0.013772,-0.000445
0.011862,0.003334,-0.014811
0.008749,-0.011301,-0.000973
0.000309,-0.012622,-0.000350
0.009040,-0.010898,0.003390
0.011072,0.006534,-0.009758
0.012418,-0.010237,0.004191
0.011357,-0.009483,-0.004433
-0.012069,0.003711,-0.011194
0.007276,-0.008915,0.006073
-0.012516,0.001861,-0.009859
0.002163,-0.012608,-0.001273
0.009685,-0.011837,-0.001398
-0.000063,-0.012050,-0.000109
0.002067,-0.012871,-0.000741
0.010204,-0.011742,-0.001103
-0.002188,-0.007534,-0.008853
-0.010259,-0.000651,-0.009790
0.014990,-0.009384,-0.005576
0.000444,-0.013678,0.002855
0.011994,-0.010064,0.003745
0.007325,0.004189,-0.013261
0.009673,-0.011634,-0.001638
0.002880,-0.012149,-0.000205
0.008906,-0.011786,-0.002472
-0.004649,-0.003949,-0.013086
-0.014141,0.003071,-0.007785
0.000325,-0.007630,-0.005751
0.011522,-0.009608,0.002871
0.013292,-0.009368,0.002185
-0.007751,-0.001487,-0.010547
0.013175,-0.010836,0.000507
-0.003446,-0.006846,-0.009756
0.009509,-0.011493,-0.002106
0.001186,-0.012696,-0.000463
0.010474,-0.009772,0.003697
0.008247,0.008213,-0.012874
-0.001704,-0.013235,0.001305
0.010522,-0.009452,0.004061
0.009052,0.004038,-0.009229
-0.001724,-0.013167,0.001297
0.004251,-0.012666,-0.001355
0.005776,0.003547,-0.013100
0.004997,-0.012311,-0.002553
0.009400,-0.011734,-0.001942
-0.009184,-0.002574,-0.009098
-0.006646,-0.003789,-0.010749
0.000293,-0.012595,-0.000722
0.002953,-0.011781,-0.003129
0.006446,0.003799,-0.013151
-0.007716,-0.003543,-0.008267
0.013541,0.007420,-0.009552
0.001082,-0.012161,-0.000377
-0.004823,-0.003470,-0.013416
0.009461,-0.010136,0.004430
-0.008035,-0.002584,-0.010455
0.013847,0.006195,-0.014864
0.003457,-0.005597,-0.014495
0.013576,-0.010431,0.002430
0.014386,0.007739,-0.014844
0.000753,-0.014026,0.000004
0.012852,-0.009928,0.002362
-0.000512,-0.012750,0.000525
0.008829,-0.011432,-0.000912
-0.000373,-0.012652,0.000262
0.013730,-0.010458,0.002434
0.010775,-0.011854,-0.002266
0.014192,-0.010469,-0.000868
-0.008787,-0.002223,-0.010217
-0.003612,-0.006035,-0.010731
0.008825,-0.011933,-0.003011
0.005016,-0.012612,-0.002253
0.009540,-0.011722,-0.002117
-0.002594,-0.012696,0.002211
0.008727,0.007850,-0.013115
0.007191,-0.011074,-0.002061
0.001198,-0.012061,-0.001123
0.010366,-0.009822,0.003998
0.010223,-0.009650,0.003218
0.009859,-0.010669,0.000070
0.001669,-0.013282,-0.000448
0.012259,-0.011593,-0.002551
0.001345,-0.012513,-0.000819
0.010898,-0.010152,0.004479
0.008777,-0.010927,-0.000959
-0.011826,0.005877,-0.012381
-0.012601,0.008642,-0.011586
0.001397,-0.012192,-0.001117
0.018734,-0.005796,-0.010278
-0.007558,-0.004343,-0.007196
0.009406,-0.011735,-0.002208
0.009233,-0.009655,0.004963
-0.004113,-0.006564,-0.009386
0.011587,-0.009397,0.002307
0.013077,-0.009983,0.003744
-0.007907,-0.002578,-0.010797
0.005142,-0.011161,0.005168
-0.000944,-0.010069,-0.004080
-0.008854,-0.001614,-0.010643
0.012212,-0.011439,-0.002925
0.005319,-0.011660,-0.002866
0.011566,-0.010636,-0.002807
-0.011161,-0.003483,-0.003865
-0.007720,-0.002809,-0.010442
0.009660,-0.011627,-0.002429
0.012861,-0.010033,0.005007
0.009140,-0.011359,-0.002795
0.032668,0.011590,-0.002764
0.005244,0.003215,-0.013079
0.000594,-0.012072,-0.000082
0.011350,-0.009966,0.002435
0.009934,-0.011642,-0.001268
0.008097,-0.009812,0.002305
0.009259,-0.009659,-0.005844
0.012730,0.005142,-0.015436
0.013334,-0.010054,0.004005
0.008920,-0.010435,0.005255
0.009987,-0.011185,-0.000682
0.006123,0.003293,-0.013223
-0.007988,-0.002988,-0.010082
-0.001832,-0.007982,-0.008625
0.009440,-0.009488,0.005012
0.014798,-0.008616,0.001114
0.000770,-0.012147,-0.000242
0.012034,-0.010067,0.003379
-0.006211,-0.001066,-0.007279
0.010942,-0.010172,0.004453
0.002430,-0.012891,-0.001074
0.002064,-0.012055,-0.000599
0.002449,-0.012913,-0.000974
0.008608,-0.011095,0.000025
-0.004903,-0.003225,-0.013219
0.004706,0.002463,-0.012959
0.002774,-0.010050,-0.005665
-0.011423,0.001718,-0.010847
0.001017,-0.012638,-0.000804
-0.000707,-0.012816,0.000469
0.011094,-0.011666,-0.002993
0.010654,-0.010007,0.004868
0.005091,-0.012706,-0.001818
0.010124,-0.011435,-0.002660
0.009727,-0.011634,-0.002206
0.006385,-0.011155,-0.001719
0.014206,0.004578,-0.015469
0.011398,-0.010057,0.002775
-0.008147,-0.003240,-0.009392
0.007760,0.006939,-0.012714
0.008756,-0.009290,0.003794
0.014359,0.004869,-0.015534
-0.007719,-0.003466,-0.009501
-0.007204,-0.003833,-0.009771
0.009428,-0.011531,-0.001873
0.013108,-0.008887,0.000952
0.005020,-0.011209,-0.001970
-0.016778,0.015552,-0.005951
0.010448,-0.009829,0.002720
0.014879,-0.008929,0.002525
-0.005904,-0.004575,-0.009868
-0.010634,0.000005,-0.010241
0.012285,-0.010149,0.003525
-0.010548,-0.000337,-0.010170
-0.008097,-0.002252,-0.010792
0.004099,-0.012321,-0.002216
0.013589,-0.009934,0.003812
0.009879,-0.011960,-0.003030
0.011923,-0.009905,0.003119
-0.005574,-0.005269,-0.009315
0.009213,-0.009988,0.001976
-0.021883,0.018755,0.002497
0.009520,-0.011670,-0.001633
0.012135,-0.010071,0.006309
0.009512,-0.011741,-0.001292
0.009399,-0.011527,-0.002313
0.013516,0.009503,-0.009115
-0.022766,0.023379,0.004780
-0.003127,-0.004908,-0.011115
0.006013,0.002281,-0.012964
0.010137,-0.009489,0.003934
0.011174,0.002531,-0.015580
0.013792,0.007288,-0.015396
0.011895,-0.009746,0.003171
0.012972,-0.010184,0.004166
0.008893,-0.011516,-0.001376
0.009573,-0.011724,-0.001301
0.009654,-0.009181,0.005397
0.012072,-0.009513,0.002849
-0.000955,-0.012905,0.000365
0.014029,0.006079,-0.015146
0.000801,-0.012609,-0.000581
0.010179,-0.011360,-0.002617
0.009868,-0.009139,0.005351
0.009019,-0.009623,0.002598
0.013322,0.009718,-0.009348
0.006795,-0.011448,-0.000203
0.008836,-0.011661,-0.001304
0.003131,-0.012676,-0.001598
0.011242,-0.010879,-0.004569
-0.016298,0.011646,-0.006749
0.009967,-0.011770,-0.002569
-0.000744,0.005819,0.003177
0.010935,-0.009587,0.002737
0.009646,-0.009594,0.004843
-0.002187,0.004440,-0.000973
0.014608,-0.008884,-0.000226
0.014433,0.005168,-0.015397
0.011501,-0.010637,0.004174
0.009720,-0.010537,-0.000292
0.001057,-0.011758,0.000324
-0.011237,0.000370,-0.009882
0.008136,-0.011617,-0.000914
-0.001793,-0.011629,0.001104
-0.014486,0.001371,-0.005187
0.009802,-0.008575,0.004603
-0.002278,-0.006402,-0.008961
0.008032,-0.011169,-0.003656
0.009742,-0.010220,0.004008
0.004139,-0.011691,-0.002227
0.008484,-0.009318,0.006081
0.007085,-0.010990,-0.002527
0.003087,-0.012235,-0.001671
0.003814,-0.002512,-0.012685
-0.003195,-0.010635,-0.000428
0.009808,-0.011700,-0.002181
-0.007964,-0.002427,-0.008529
-0.012287,0.006550,-0.012021
0.004112,-0.004248,-0.014361
0.014109,0.005728,-0.015138
0.014637,0.005589,-0.015367
0.005964,-0.011738,-0.003030
0.008239,0.008262,-0.012490
0.002544,-0.012634,-0.001364
0.005476,-0.011979,-0.002451
0.001159,-0.012985,-0.000729
0.008065,-0.010873,0.000100
0.009690,-0.011715,-0.001413
0.001631,-0.005419,-0.015398
0.007601,-0.011379,-0.003525
0.013519,-0.009740,0.004463
0.001932,-0.013453,-0.000528
0.014162,0.005441,-0.015485
0.008361,-0.010077,0.005682
0.007831,0.008583,-0.012362
-0.001283,-0.011801,0.000743
0.009830,-0.008811,0.003851
0.003775,-0.011818,0.000320
0.009361,-0.010237,0.004509
0.001423,-0.012647,-0.000705
0.009429,-0.010122,0.003514
-0.001154,-0.008977,-0.007687
-0.017281,0.009073,-0.005388
0.000798,-0.013953,-0.000152
-0.000039,-0.012621,-0.000228
0.011024,-0.009723,0.003533
-0.011402,0.001601,-0.010644
0.013977,-0.010439,-0.005655
0.003339,-0.012501,-0.001397
-0.013942,0.005362,-0.008924
-0.001759,-0.012445,0.001244
0.009305,-0.012060,-0.002356
0.001263,-0.012786,-0.000765
0.013288,0.005082,-0.010188
-0.001781,0.005930,0.000601
-0.001877,-0.011318,-0.000586
0.008227,-0.011799,-0.003079
0.006966,-0.005107,-0.015864
0.000310,-0.014611,0.000228
0.012650,-0.010024,0.002377
0.001814,-0.012762,-0.000825
-0.001906,0.004282,-0.001027
0.010715,-0.010176,0.003750
0.009441,-0.010627,-0.002293
0.009762,-0.011663,-0.001945
-0.010591,-0.001328,-0.009014
0.012690,0.007230,-0.009888
0.002925,-0.012930,-0.001899
0.006694,0.004867,-0.013073
0.009032,-0.011496,-0.001271
0.000135,-0.009032,-0.007472
0.012221,-0.004839,-0.014217
0.009422,-0.009749,0.004601
0.009211,-0.010620,0.000025
0.010891,-0.009535,0.003005
0.014473,0.005388,-0.015247
0.009234,0.009604,-0.008358
0.012478,-0.011525,-0.002466
0.011465,-0.010822,-0.000025
0.002747,-0.012208,-0.001265
0.004394,-0.012693,-0.002165
0.007899,-0.011011,-0.003535
0.000054,-0.012831,-0.000219
0.008776,-0.003647,-0.015477
-0.008953,-0.004277,-0.006910
0.009153,-0.011173,0.002844
0.012069,-0.010138,0.005954
0.008868,-0.011751,-0.001142
0.004224,-0.013182,-0.001216
0.013748,0.005072,-0.015420
0.003099,-0.012447,-0.001534
0.010075,-0.010475,0.005306
0.015918,-0.008353,-0.000522
-0.003952,-0.003216,-0.013601
0.001600,-0.012706,-0.001069
0.004673,-0.012119,-0.001692
-0.000840,-0.012561,0.000163
0.012231,-0.010137,0.004334
0.014582,0.001352,-0.011968
0.012615,0.009395,-0.009061
0.001029,-0.012815,-0.000531
0.010830,-0.010087,0.004445
0.006610,-0.011116,-0.001984
0.005354,-0.012479,-0.002254
-0.001835,-0.012656,0.001221
0.011817,0.010399,-0.008935
0.004040,-0.009676,0.005457
0.000671,-0.011981,-0.000198
0.007250,-0.011138,0.000082
0.011567,-0.011210,-0.003967
0.009669,-0.009620,0.004798
0.005969,-0.012267,-0.002078
0.004349,0.002824,-0.012922
-0.005937,-0.003522,-0.011870
0.003175,-0.012445,-0.002081
0.012386,-0.010035,0.005005
0.001153,-0.012623,-0.000671
0.000700,-0.013991,-0.000208
0.010867,-0.011420,-0.003074
0.013913,0.003767,-0.011336
0.003708,-0.012421,-0.001795
0.005011,0.003623,-0.012813
0.012165,-0.010069,0.003592
0.011915,-0.011073,-0.003930
-0.005564,-0.003803,-0.011227
0.014198,0.005033,-0.015454
0.003290,-0.000208,-0.012215
0.007336,-0.005212,-0.016668
0.001022,-0.005945,-0.015298
0.003586,-0.005029,-0.015596
-0.015330,0.013367,-0.008509
0.012254,-0.009925,0.002603
0.008059,-0.010515,0.006698
0.002919,-0.012127,-0.001298
-0.006940,-0.003872,-0.009897
0.011636,-0.010277,0.005635
0.010482,-0.011540,-0.002340
0.000438,-0.013523,-0.000213
0.001845,-0.012971,-0.000850
0.022644,-0.003986,-0.008405
0.009744,-0.011635,-0.001888
0.000679,-0.012215,-0.000515
0.012803,-0.009911,0.004890
0.000394,-0.012264,0.000056
-0.008862,-0.001824,-0.010412
0.012050,-0.009439,0.002730
0.011145,-0.010823,0.000395
0.009856,-0.011781,-0.002135
0.012971,0.003536,-0.014669
0.002591,-0.012239,-0.001429
0.012191,-0.011286,-0.003665
0.011374,-0.009808,0.002735
0.008545,-0.010455,0.006309
-0.012360,-0.004000,-0.001180
-0.000517,-0.013291,0.000265
0.005713,0.004581,-0.012738
0.008133,-0.011619,-0.001480
0.010446,-0.011489,-0.000919
0.017087,-0.007860,0.001305
0.007404,-0.011903,0.000516
0.012381,-0.009806,0.003567
-0.007986,-0.002366,-0.010819
0.013957,-0.009503,-0.006603
-0.008960,-0.002934,-0.008505
0.010778,-0.011722,-0.002374
-0.002844,-0.007246,-0.008633
-0.008814,-0.002298,-0.007489
-0.000791,-0.011160,-0.001170
0.015057,0.005643,-0.015198
0.007679,0.007617,-0.012863
0.005267,0.001922,-0.013340
0.004340,-0.012315,-0.002036
-0.007283,-0.003062,-0.010508
0.001178,-0.004891,-0.014806
0.003581,-0.012486,-0.001540
0.004446,-0.007230,-0.013892
-0.007488,-0.002905,-0.010421
0.012829,-0.011207,-0.003795
0.003485,-0.011788,-0.002501
0.010405,-0.009984,0.000627
-0.006530,-0.004446,-0.009727
0.011717,-0.000164,-0.015258
-0.006195,-0.004847,-0.009602
-0.013060,-0.000069,-0.006645
0.012478,-0.011072,-0.003889
0.011133,-0.009939,0.003183
-0.008339,-0.002679,-0.009772
0.013548,-0.009281,0.002384
0.011170,-0.011206,-0.003410
0.010585,-0.009976,0.004305
0.010458,-0.010209,0.003222
0.010579,-0.010543,0.006207
0.014807,-0.006945,-0.002598
0.023258,-0.003543,-0.007824
0.012995,-0.010011,0.004663
0.007489,-0.011273,-0.002521
0.014158,-0.009618,0.003933
-0.011521,0.000688,-0.009938
-0.010200,0.004372,-0.013677
0.004311,-0.006441,0.004336
0.013918,-0.009228,0.001202
-0.002118,-0.011765,0.000944
-0.000607,-0.012369,-0.000093
0.006909,-0.011592,-0.001155
0.009751,-0.008338,0.004804
0.009385,-0.010396,0.004554
-0.008739,-0.002406,-0.009799
0.001828,-0.012003,-0.000932
0.000412,-0.012617,-0.000520
-0.022025,0.018027,0.002826
0.013853,0.005382,-0.015363
0.009151,-0.011112,-0.000994
0.007522,-0.012269,-0.000658
0.009894,-0.011685,-0.001322
0.013120,0.003736,-0.011434
0.013244,-0.008392,-0.000358
0.010593,0.010068,-0.008200
-0.011396,0.000604,-0.009731
0.006332,-0.012432,-0.002338
0.000444,-0.012000,-0.001274
-0.002639,-0.012350,0.001450
-0.003892,-0.007721,-0.003658
0.000041,-0.011996,-0.001344
0.013672,0.004012,-0.011235
0.010447,-0.010083,0.004421
0.008464,-0.011257,-0.002376
-0.010113,-0.000275,-0.010586
0.015013,0.002990,-0.015195
0.013683,0.007120,-0.015367
-0.010365,-0.000129,-0.010495
0.009095,-0.010358,0.004135
-0.001313,0.006803,0.003296
0.008693,0.008512,-0.012989
0.005543,-0.012508,-0.002396
0.003569,-0.013238,-0.001057
0.014100,-0.008998,0.001773
0.015230,-0.009704,-0.006611
0.019047,-0.005776,-0.009801
0.012209,0.000729,-0.015485
0.001358,-0.012606,-0.000837
0.010610,-0.011762,-0.001655
0.010223,-0.010630,0.005808
0.007992,-0.011375,-0.002249
0.005104,0.002143,-0.013328
0.009145,-0.011253,-0.001805
-0.001779,-0.011542,0.000632
-0.001582,-0.009122,-0.004710
0.006811,0.006451,-0.012841
0.021625,-0.004799,-0.008504
0.011193,-0.009839,0.003914
-0.001285,-0.012567,0.000786
-0.012126,0.006475,-0.012194
0.012763,0.012378,-0.013337
0.010878,-0.010053,0.003868
0.006549,-0.008925,-0.003068
0.009757,-0.011935,-0.001963
0.010737,-0.010568,-0.001078
0.011465,0.000231,-0.015472
0.012187,-0.010130,0.006027
0.010976,-0.009197,0.003629
0.013131,0.007349,-0.014613
0.003530,-0.012259,-0.001775
0.009406,-0.011322,0.001660
0.001765,-0.012771,-0.001488
0.007794,0.007786,-0.012496
-0.016261,0.011689,-0.006671
-0.003143,-0.012141,0.002438
0.010585,-0.009438,0.003879
0.009736,-0.010290,0.001196
-0.001320,0.004169,-0.000361
0.012318,-0.010087,0.005923
0.010813,-0.009350,0.002752
0.008464,0.006862,-0.013345
0.010865,-0.009149,0.003782
0.022759,-0.003735,-0.008324
0.008413,-0.004535,-0.015681
-0.008430,-0.004507,-0.007348
0.016102,-0.009421,0.002328
0.003292,-0.012430,-0.001780
0.015408,-0.008790,-0.000176
0.015239,0.004053,-0.015307
0.010852,-0.010056,0.002492
0.006549,-0.011423,-0.004389
-0.000079,-0.012447,-0.000101
0.011506,-0.009703,0.002920
0.013732,-0.009719,-0.002231
0.013489,0.001209,-0.014748
0.012623,-0.009174,0.001299
0.006933,-0.011226,-0.001394
0.007940,-0.011555,-0.001196
0.008835,0.008001,-0.012745
-0.010839,0.000538,-0.010587
0.010522,-0.009711,0.002766
0.000676,-0.014323,0.000007
0.013408,-0.010185,0.002771
-0.001208,-0.012510,0.000408
0.009350,0.009975,-0.012611
0.012328,-0.010591,-0.005636
0.013405,0.005471,-0.015060
0.018947,-0.006276,-0.009379
0.013342,0.005953,-0.015132
0.013867,0.005289,-0.015340
-0.001442,0.004940,0.000486
0.005101,-0.012720,-0.001756
0.012101,0.005808,-0.014788
0.004811,-0.012404,-0.002704
-0.002643,-0.011557,0.001694
0.014944,-0.009520,-0.006723
0.008405,0.007526,-0.013101
0.013597,0.004791,-0.015431
0.008105,0.008266,-0.009047
0.005974,-0.011526,-0.000934
0.010162,-0.010219,0.001657
0.002263,-0.012174,-0.000891
0.013037,0.007977,-0.009482
-0.007563,-0.003690,-0.009420
0.018268,-0.007247,-0.000862
-0.001842,-0.012232,0.000943
0.020278,-0.004903,-0.009429
-0.006415,-0.003399,-0.011798
0.011652,-0.010543,0.004470
0.010524,0.006165,-0.009867
-0.007562,-0.003160,-0.010195
0.009975,-0.009788,0.004276
0.010256,-0.010148,0.003691
0.009456,-0.010276,0.004338
0.013882,-0.010368,-0.005701
-0.004274,-0.005424,-0.009591
-0.007320,-0.003500,-0.010090
0.007086,-0.004918,-0.014676
0.007678,-0.011707,-0.000399
0.009671,-0.008312,0.004876
0.005363,0.003204,-0.012881
0.009686,-0.010368,0.001903
0.009798,-0.008307,0.004735
0.013532,0.005765,-0.015059
0.007012,-0.005283,-0.016237
-0.008727,-0.002358,-0.010036
0.011187,-0.009765,0.003639
-0.021960,0.017649,0.002602
-0.021269,0.016599,0.001468
0.010131,-0.010372,0.000139
0.002690,-0.012896,-0.001268
-0.008115,-0.003021,-0.009517
0.010178,-0.010395,0.004114
0.006704,-0.012700,-0.002143
0.013145,0.005962,-0.015512
-0.001441,-0.012284,0.000403
0.007591,-0.010973,0.002316
-0.012797,0.005954,-0.011142
0.001936,-0.012407,-0.001034
-0.007664,-0.002898,-0.010050
0.010651,-0.009649,0.002980
0.012332,-0.010142,0.002000
-0.012720,0.003776,-0.010228
0.005318,-0.007634,-0.003909
0.012883,-0.010004,0.003564
-0.001442,-0.012373,0.000876
0.009058,-0.011644,0.002464
-0.001014,-0.009134,-0.007372
-0.000949,-0.011894,0.000817
0.014860,0.003015,-0.011348
0.004391,-0.012750,-0.001614
0.008858,-0.011859,-0.000639
0.009963,-0.010548,0.004161
0.009528,-0.011779,-0.001868
-0.005188,-0.005069,-0.010530
0.010457,-0.010231,0.003521
0.023396,-0.003404,-0.007182
0.009189,-0.011600,-0.001607
0.008116,-0.011530,-0.000743
0.008788,-0.009179,0.005939
-0.009478,-0.001957,-0.009446
0.003739,-0.012332,-0.002024
0.009933,-0.009798,0.004485
0.001621,-0.012828,-0.000865
0.001340,-0.013211,-0.001095
0.009882,-0.011813,-0.000617
0.005614,-0.004246,-0.015128
0.007194,-0.011078,-0.000359
0.010455,-0.011630,-0.001713
0.011222,-0.010687,0.003488
-0.008655,-0.001647,-0.010719
0.010326,-0.010084,0.004350
0.013690,0.005533,-0.015180
0.010196,-0.009281,0.004760
-0.008945,-0.003679,-0.007350
0.006148,-0.011543,-0.001602
0.008614,-0.009612,0.003862
0.009089,-0.008867,0.004994
-0.009970,-0.001254,-0.010079
0.018089,-0.005445,-0.008793
0.009358,-0.008483,0.004666
0.002082,-0.013616,-0.000461
0.011290,-0.009898,0.003198
0.010206,-0.010350,0.004283
-0.006563,-0.004079,-0.010411
0.005669,0.000736,-0.013643
0.007625,-0.011449,-0.001538
-0.007348,-0.003236,-0.010478
-0.007207,-0.003030,-0.010897
0.013868,0.007429,-0.015380
-0.000577,-0.009047,-0.007737
0.010733,-0.010126,0.004288
0.003527,-0.012317,-0.001522
0.009977,-0.010430,0.003834
-0.007530,-0.003285,-0.010033
0.004307,-0.012548,-0.001923
0.011610,-0.009503,0.002811
0.010058,-0.011703,-0.002518
0.012320,-0.009885,0.003159
0.009683,-0.010378,0.004831
0.009128,-0.012089,-0.002012
-0.000946,-0.008886,-0.007635
0.010495,-0.010614,0.006374
0.010032,0.005754,-0.010306
0.008452,0.008597,-0.012800
0.000252,-0.012079,-0.000250
0.012948,0.004603,-0.015299
0.005898,-0.012431,-0.002697
0.013810,0.007314,-0.015393
-0.004958,-0.005229,-0.010315
0.004599,-0.011590,-0.000855
-0.001584,0.008098,0.002957
0.009113,-0.011691,-0.002635
0.008988,-0.011603,-0.001817
0.009822,-0.010612,0.006066
0.000330,-0.012950,-0.000353
0.001872,-0.012357,-0.000613
0.003078,-0.012711,-0.001502
-0.008415,-0.004843,-0.007191
0.001497,-0.013002,-0.000746
0.004669,-0.013174,-0.001224
0.011847,0.010172,-0.009139
0.010475,-0.009105,0.003852
0.010363,-0.010003,0.003682
0.008559,-0.011349,-0.003195
0.007558,0.007326,-0.012777
0.001687,-0.012578,-0.001043
0.008916,-0.010220,0.004822
0.014498,0.004859,-0.015390
0.006511,-0.012495,-0.002351
0.009033,-0.008969,0.006097
-0.005737,-0.005759,-0.007422
0.010312,-0.011328,0.003453
0.013345,0.007724,-0.009498
0.007975,0.008351,-0.012431
-0.000786,-0.012056,0.000067
0.010260,-0.010203,0.005002
0.011388,-0.011537,-0.002247
0.000133,-0.014125,-0.000135
0.014345,0.009950,-0.009003
-0.002941,-0.012370,0.002479
-0.000610,-0.003937,-0.015414
0.000487,-0.013301,-0.000162
0.012067,-0.010034,0.000857
-0.008423,-0.002929,-0.009463
0.005632,-0.011274,-0.001194
0.011124,-0.011533,-0.003250
0.013855,0.008265,-0.009247
0.011968,-0.009767,0.002223
0.009122,-0.010277,0.004736
0.011931,-0.011150,-0.004131
0.010833,-0.011579,-0.001386
0.009044,-0.010611,-0.004364
-0.005204,-0.005528,-0.009158
0.013599,0.006934,-0.015415
0.010967,-0.011297,-0.003329
0.003448,0.000708,-0.013303
0.008247,-0.011582,-0.001507
0.010756,-0.009277,0.003669
0.003747,-0.012839,-0.002055
0.007690,-0.010994,-0.001303
0.000891,-0.012923,-0.000441
0.009355,-0.009474,0.004963
0.015045,-0.008456,0.002386
0.015074,0.007038,-0.015058
0.022442,-0.004973,-0.001972
0.009543,-0.010522,0.004566
-0.002009,-0.013031,0.001486
-0.007327,-0.002774,-0.011032
0.007536,-0.010903,0.000991
0.008097,-0.012009,-0.001733
-0.016010,0.015285,-0.007126
0.011879,0.007883,-0.009410
0.008729,-0.011642,-0.001057
-0.001572,-0.012952,0.000615
0.009866,-0.011574,-0.003176
0.007241,-0.002315,-0.012088
-0.009250,-0.001323,-0.010921
0.010887,-0.000634,-0.007276
0.007652,0.000247,-0.013522
-0.000309,-0.012704,-0.000344
-0.007063,-0.003762,-0.009992
0.007442,-0.011339,0.000740
0.004530,-0.012080,-0.002883
0.004282,-0.012498,-0.001694
-0.010933,-0.000992,-0.007291
-0.017926,0.008421,-0.004130
0.002889,-0.012961,-0.001865
0.004002,-0.012604,-0.001761
0.001336,-0.012543,-0.000696
0.013117,0.003296,-0.015266
0.015098,-0.009657,0.001819
0.002384,-0.012826,-0.001410
0.006822,-0.005092,-0.016209
0.014373,0.004513,-0.009978
-0.001574,0.005230,0.000257
0.018113,-0.006930,-0.009406
0.004668,-0.004328,-0.015413
0.009148,-0.011430,-0.000708
-0.009256,-0.003583,-0.005641
0.001065,-0.013731,-0.000447
0.010420,-0.009713,0.002665
0.009462,-0.011214,-0.000993
0.001122,-0.014068,-0.000010
0.011506,0.007111,-0.009721
-0.015331,0.013798,-0.008462
0.009780,-0.011810,-0.002438
0.009184,-0.010586,0.004472
0.013776,0.004475,-0.015538
0.013158,0.007346,-0.009788
0.003087,-0.011297,-0.002292
-0.004080,-0.006476,-0.009067
0.014258,0.002584,-0.011538
0.014317,0.006592,-0.015088
-0.000483,-0.012359,0.000249
-0.010017,-0.001197,-0.009692
0.011062,-0.010084,0.003751
0.002736,-0.004901,-0.015895
-0.003611,-0.006091,-0.005496
-0.001481,0.004726,-0.000110
0.012704,-0.010765,0.002142
0.001758,-0.013275,-0.000305
0.006217,-0.011330,0.000213
-0.010131,-0.001183,-0.009821
0.005107,-0.010976,0.002957
0.013691,0.009850,-0.008899
0.013006,-0.009194,0.001173
0.007954,-0.004319,-0.015592
0.009191,0.006004,-0.013857
-0.015546,0.006247,-0.007440
-0.008063,-0.003511,-0.009427
0.002892,-0.013061,-0.001820
0.010718,-0.010591,0.005207
0.011441,0.001361,-0.015179
-0.001916,-0.011727,0.000916
0.012021,-0.011197,-0.003802
0.009040,0.001933,-0.012024
0.003595,-0.012415,-0.001752
-0.000283,-0.012537,-0.000512
-0.003025,-0.012357,0.002223
0.005451,-0.012074,-0.002629
0.011987,0.007570,-0.009435
0.009950,-0.011638,-0.002153
0.010856,-0.009771,0.003215
0.006530,-0.011077,0.000211
0.008333,-0.011327,-0.002859
0.002745,-0.004744,-0.016142
0.010242,-0.011431,-0.001344
0.014545,-0.009506,0.003821
0.019045,-0.004406,-0.011141
0.013665,0.005904,-0.015212
0.011358,-0.009993,0.003406
0.001252,-0.013736,-0.000328
-0.008319,-0.002335,-0.010276
0.013386,0.003507,-0.015297
0.011976,-0.011046,-0.003838
0.010678,-0.011814,-0.002790
0.008526,-0.011382,-0.000932
0.009585,-0.011641,-0.001878
0.011817,-0.011675,-0.001963
-0.001170,-0.003783,-0.015320
0.003288,-0.007452,-0.011150
0.010670,-0.009399,0.004122
0.002842,-0.012770,-0.001489
0.011438,-0.011588,-0.002577
0.006239,0.005420,-0.012702
0.010375,-0.009897,0.003859
0.010941,-0.009947,0.003213
-0.003405,-0.006805,-0.009715
0.006154,-0.005330,-0.015275
-0.004020,-0.010844,0.002398
0.010235,-0.009901,0.004204
0.011054,-0.009734,0.003052
0.015030,0.007371,-0.009556
-0.001208,-0.011865,0.000955
0.009819,-0.008368,0.004843
0.008185,-0.011339,-0.002797
0.007207,0.000979,-0.013765
0.001041,-0.012583,-0.000879
-0.008086,-0.003113,-0.009747
0.008794,-0.010974,0.000085
-0.001492,0.005034,-0.000063
0.008639,0.002325,-0.013790
0.014924,0.007790,-0.014881
0.009656,-0.008801,0.004875
0.013456,-0.009956,0.004395
0.015315,-0.009433,-0.007082
0.009961,-0.009909,0.004226
0.012704,0.007333,-0.009446
0.006625,-0.010235,-0.002437
0.003833,-0.005094,-0.016097
-0.000533,-0.008682,-0.008630
0.010716,-0.009293,0.002229
-0.000954,-0.012510,0.000377
0.002417,-0.012642,-0.001340
0.009784,-0.009284,0.005075
0.006558,-0.012737,-0.002096
0.015149,-0.008299,-0.008153
0.002746,-0.004923,-0.015841
0.011343,-0.010392,0.005702
0.001628,-0.012019,-0.000643
0.006130,-0.011462,-0.000211
0.005078,-0.012289,-0.002244
0.008840,-0.011741,0.000509
0.009691,-0.011582,-0.001934
0.009504,0.008414,-0.008982
-0.009523,-0.001686,-0.009912
0.004136,-0.012667,-0.001910
0.009719,-0.008831,0.003969
0.010726,-0.009978,0.003956
-0.007262,-0.004201,-0.009496
0.011792,-0.010100,0.005909
-0.008071,-0.004628,-0.007735
0.010943,-0.009981,0.004279
-0.010547,-0.002166,-0.007747
-0.000725,-0.012354,0.000364
-0.008648,-0.003734,-0.007381
0.002128,-0.012082,-0.001391
-0.011736,0.006338,-0.012618
-0.000787,-0.011938,-0.000701
0.010883,-0.011679,-0.002537
0.013547,0.004713,-0.015426
0.008346,-0.011600,-0.001418
0.004801,-0.011573,-0.000786
0.006422,-0.011680,-0.002249
-0.002118,-0.012118,0.001252
0.000338,-0.012426,-0.000555
0.014302,-0.009580,0.003947
0.012546,-0.010039,0.004846
0.005339,-0.012793,-0.001473
0.010580,-0.011455,-0.002782
0.004195,-0.012337,-0.002069
0.010573,-0.011378,-0.003352
0.019313,-0.005607,-0.010062
0.012566,0.004387,-0.010094
0.009192,-0.011207,-0.000272
0.007717,-0.011324,-0.001600
-0.006982,0.001083,-0.015243
0.007623,-0.009677,0.007263
0.008758,-0.010178,0.005471
-0.004656,-0.011070,0.001812
0.001194,-0.012705,-0.000789
0.012967,0.004948,-0.014716
0.012882,0.006838,-0.010052
0.009738,-0.009413,0.005092
0.007644,-0.011003,-0.002143
-0.006474,-0.002735,-0.012089
-0.013017,0.000914,-0.008345
0.009283,-0.011979,-0.002488
0.000637,-0.012194,-0.000712
0.011900,0.006579,-0.014522
0.006340,-0.011440,-0.001017
0.010447,-0.010906,0.002848
0.013895,0.010144,-0.008869
-0.000330,-0.012529,-0.000197
0.004566,-0.012214,-0.002259
0.001351,-0.012073,-0.000691
-0.001926,-0.012235,0.001134
0.013181,0.005474,-0.010357
0.004125,-0.012383,-0.001838
0.009147,-0.011760,-0.002490
0.010323,-0.009492,0.003662
0.011791,-0.009835,0.003923
-0.012221,0.005036,-0.011411
-0.008624,-0.002006,-0.010406
0.005575,-0.012060,-0.002291
-0.008232,-0.004148,-0.008195
0.008837,-0.010116,0.004619
0.013219,0.005893,-0.015479
0.009172,-0.011134,0.000132
0.007133,0.008403,-0.012516
0.010025,-0.011535,-0.002680
-0.006982,-0.004374,-0.008958
-0.019721,0.012433,-0.001659
-0.013996,0.005750,-0.009165
0.003199,-0.013159,-0.001346
-0.010916,-0.000256,-0.010015
0.008817,-0.010391,0.005020
0.014803,0.005407,-0.015352
-0.011351,0.000999,-0.010446
0.005043,-0.007801,-0.006146
0.001115,-0.010621,-0.000699
0.011021,-0.010400,0.006129
0.011854,-0.009914,0.003656
0.012041,0.005209,-0.010317
0.011201,-0.010070,0.002525
0.001146,-0.012397,-0.000942
0.009132,-0.011573,-0.001027
0.010348,-0.011420,-0.003056
0.013392,-0.009448,0.000238
0.009604,-0.010412,-0.000942
0.006137,-0.011230,-0.001409
0.005435,-0.012729,-0.001940
0.007344,0.005013,-0.013129
0.005817,-0.012146,-0.002471
-0.009239,-0.001960,-0.009519
0.009897,-0.009674,0.003827
0.016527,0.003909,-0.011153
0.006310,0.007173,-0.012693
0.015156,0.008419,-0.009163
0.015082,0.004188,-0.015338
-0.000189,-0.009399,-0.006732
0.001440,-0.012831,-0.000808
-0.001605,-0.012693,0.000992
-0.001838,0.006124,0.000650
0.004506,-0.012272,-0.001229
0.013328,-0.009345,0.003374
0.006337,-0.011188,0.002395
0.010192,-0.011543,-0.002658
0.003284,-0.012753,-0.001476
0.009600,-0.011745,-0.002637
-0.007833,0.000234,-0.013391
0.012082,-0.011643,-0.002721
0.013779,0.004775,-0.015609
0.011579,-0.011422,-0.003543
0.011842,-0.010692,-0.000704
0.003615,-0.011065,0.001240
0.010583,-0.010021,0.003367
0.011872,-0.011733,-0.002342
0.001575,-0.012136,-0.000783
0.004622,-0.011915,-0.002770
0.006756,-0.012537,-0.002059
0.008036,-0.010574,0.005499
0.001574,-0.004502,-0.015787
0.013290,0.005395,-0.010242
0.002995,-0.004591,-0.016299
0.004284,0.001286,-0.013318
0.005898,-0.005288,-0.016213
0.018149,-0.006796,-0.008439
-0.002035,-0.007855,-0.006611
0.000914,-0.013229,-0.000385
0.004897,-0.011494,-0.000702
0.006088,-0.011792,-0.002532
0.011305,-0.009807,0.003022
0.008801,0.008689,-0.012764
-0.003019,-0.012425,0.002597
0.011088,-0.011172,-0.003567
-0.009452,-0.002090,-0.009168
0.012950,0.003978,-0.015317
0.011059,-0.009853,0.003565
0.014808,0.006685,-0.015015
-0.010675,0.004860,-0.013527
0.010940,-0.010066,0.003336
0.004727,-0.006788,-0.011762
0.012925,0.006216,-0.014992
0.013770,0.005040,-0.015462
-0.007500,-0.004247,-0.008551
0.012973,0.005119,-0.010179
-0.008480,-0.002330,-0.010280
0.013257,0.004793,-0.015513
-0.002671,-0.003416,-0.014199
0.012876,0.005591,-0.010054
0.009046,-0.011854,0.000009
0.008417,-0.011516,-0.001524
0.009116,-0.011305,-0.000988
0.011469,-0.009714,0.002804
0.011538,-0.009507,0.002913
0.025837,0.002735,-0.008593
0.010643,-0.009570,0.003189
-0.009201,-0.002164,-0.009554
0.014416,-0.009480,0.003778
-0.013340,0.003372,-0.008778
0.012545,-0.011175,-0.000252
0.000306,-0.014652,0.000313
0.003306,-0.012278,-0.000603
0.001857,-0.010773,-0.000498
0.008808,-0.011608,-0.002710
0.001772,-0.012356,-0.000614
0.008137,0.009928,-0.011796
-0.001710,-0.005032,0.017725
0.001022,-0.012792,-0.001258
0.010962,-0.010758,0.004235
-0.009236,-0.001781,-0.009795
0.009140,-0.012022,-0.002116
0.008827,-0.009990,0.004836
0.010477,-0.010288,-0.001249
0.009553,-0.011208,0.000288
-0.006529,-0.003625,-0.010745
0.009177,-0.011605,-0.001602
-0.007986,-0.003581,-0.009187
0.010563,-0.011430,-0.003043
-0.004486,-0.007334,-0.006856
-0.002926,-0.006138,-0.011437
-0.000693,0.003978,0.001526
0.011613,-0.010007,0.003845
0.019070,-0.005772,-0.010072
0.007464,0.004042,-0.013263
-0.009393,-0.001072,-0.010534
0.010641,-0.009611,0.003238
0.002639,-0.013091,-0.001096
0.013130,-0.009936,0.004536
-0.003714,-0.011319,0.002350
0.004661,-0.005222,-0.016204
0.012061,-0.010024,0.003092
0.013804,0.005252,-0.015418
0.000294,-0.007997,0.010081
-0.001044,-0.012442,-0.000296
0.001375,-0.012456,-0.000883
0.000984,-0.013413,-0.000418
0.012331,0.014829,-0.011726
-0.012816,0.006170,-0.011266
-0.013822,0.003741,-0.008487
-0.001429,0.005168,0.000522
-0.017916,0.011025,-0.004635
0.011327,-0.011323,-0.003477
0.009517,-0.010460,0.004797
0.011147,-0.011586,-0.003048
0.010016,-0.011590,-0.001618
0.002274,-0.012706,-0.001282
0.014066,-0.008759,-0.006972
0.010990,-0.009884,0.003959
0.010416,-0.010046,0.003895
-0.000212,-0.012608,0.000031
0.007492,0.007992,-0.012353
0.002669,-0.013001,-0.001540
-0.003141,-0.012381,0.002674
0.005588,-0.005444,-0.016057
0.009939,-0.010550,0.005506
0.004725,-0.005132,-0.015023
-0.011505,0.000847,-0.010059
0.007400,-0.003140,-0.015782
0.001861,-0.012623,-0.001142
0.006519,-0.011896,-0.002328
0.011737,-0.010865,-0.004950
0.008981,-0.011196,-0.000065
-0.006521,-0.005125,-0.007871
0.012166,-0.009387,0.002824
0.003950,-0.012785,-0.002167
0.009826,-0.011829,-0.002774
0.011253,-0.010146,0.003415
-0.008510,-0.002348,-0.010088
-0.008038,-0.002544,-0.010476
0.010358,-0.011119,-0.000160
0.012346,-0.010078,0.003893
0.006143,-0.010941,-0.002694
0.011016,-0.009952,0.004144
0.010746,-0.011594,-0.002887
0.013526,0.006228,-0.009992
0.002950,-0.012335,-0.000121
0.007257,0.000757,-0.013692
0.018457,-0.005000,-0.010985
0.010644,-0.009657,0.002794
0.014130,0.004223,-0.011861
0.001232,-0.012158,-0.000858
0.001379,-0.013848,-0.000389
0.005979,0.004023,-0.013143
0.004859,-0.006726,-0.013644
-0.000274,-0.008050,-0.007426
0.002821,-0.004857,-0.015429
0.010665,-0.010863,0.003560
0.007972,0.009892,-0.011771
0.002995,-0.012552,-0.001527
0.002267,-0.012635,-0.001331
0.012654,-0.010485,-0.004773
0.012683,-0.010119,0.004668
0.004330,-0.012529,-0.001996
-0.007226,-0.003336,-0.010573
0.010414,-0.008727,0.004194
0.009310,-0.009430,0.005287
0.003514,-0.012166,-0.001950
0.008951,-0.011467,-0.002856
0.011354,-0.009027,0.001684
0.009064,-0.012073,-0.002444
0.014861,0.005920,-0.015270
-0.008365,-0.002314,-0.010276
-0.005374,-0.004362,-0.011136
0.007894,-0.011298,-0.002997
0.000957,-0.012881,-0.000597
0.006583,0.004949,-0.013036
0.004317,-0.012481,-0.001933
-0.002784,-0.012009,0.002025
-0.007855,-0.002977,-0.010197
0.001392,-0.013460,-0.000655
0.003298,-0.012157,-0.000960
0.014927,0.004777,-0.015228
-0.012483,0.003929,-0.010825
0.011720,-0.009619,0.002937
0.004024,-0.012259,-0.001667
0.017754,-0.004357,-0.011802
0.016804,-0.008721,0.003211
0.000668,-0.013051,-0.000549
0.007870,-0.012319,-0.002332
0.003982,0.001007,-0.012645
0.011208,-0.009890,0.003992
-0.006225,-0.004524,-0.009916
0.020387,-0.000873,-0.009064
0.013477,0.006658,-0.015455
0.010402,-0.011614,-0.003020
0.015315,-0.009588,-0.006813
-0.008211,-0.002701,-0.010235
-0.007415,-0.003420,-0.010195
0.012595,-0.010037,0.002527
0.010342,-0.010633,0.006276
0.001782,-0.013022,-0.000811
0.009933,-0.011737,-0.002459
0.003982,0.001007,-0.012645
0.011208,-0.009890,0.003992
-0.006225,-0.004524,-0.009916
0.020387,-0.000873,-0.009064
0.013477,0.006658,-0.015455
0.010402,-0.011614,-0.003020
0.015315,-0.009588,-0.006813
-0.008211,-0.002701,-0.010235
-0.007415,-0.003420,-0.010195
0.012595,-0.010037,0.002527
0.010342,-0.010633,0.006276
0.001782,-0.013022,-0.000811
0.009933,-0.011737,-0.002459
0.014169,0.005326,-0.010271
0.002106,-0.013021,-0.001209
-0.000021,-0.009262,-0.005067
0.009161,-0.011638,-0.001431
0.005483,-0.012531,-0.002394
0.012280,-0.009711,0.001484
0.005917,-0.012051,-0.002428
0.008069,0.008361,-0.012646
-0.003512,-0.007420,-0.005615
0.010419,-0.011329,-0.003224
-0.016647,0.015571,-0.006307
0.004198,-0.005013,-0.015882
0.001430,-0.013436,-0.000430
0.011874,-0.009789,0.002009
0.001166,-0.012066,-0.000367
0.014594,0.008723,-0.009419
0.023675,-0.001286,-0.008980
0.010825,-0.009203,0.002950
0.011206,-0.009805,0.003656
0.013517,0.003934,-0.014795
0.008350,-0.010430,-0.005807
0.009223,0.002930,-0.013136
0.005496,-0.011105,0.000710
0.013634,0.004067,-0.015625
-0.000900,-0.013074,0.000548
0.013674,0.007054,-0.015417
0.012254,-0.010123,0.005216
0.009064,-0.010430,0.005956
0.009852,-0.009044,0.005575
0.007854,0.004086,-0.013248
0.008726,-0.011492,-0.001932
0.001713,-0.012660,-0.000893
0.008799,-0.011417,-0.001706
-0.009197,-0.001573,-0.010461
0.012880,-0.009943,0.002752
0.014759,-0.008844,0.003023
0.011061,-0.010137,0.004368
-0.007018,-0.003541,-0.010391
0.014803,-0.009075,-0.007500
-0.002267,-0.011503,0.001075
-0.009885,-0.000354,-0.010840
-0.001080,-0.012101,-0.000211
0.001299,-0.012625,-0.000891
0.011734,0.015549,-0.010937
-0.008010,-0.003028,-0.009954
0.013781,0.005477,-0.010444
0.004484,-0.012468,-0.002195
0.010628,0.006853,-0.009764
0.005614,-0.012175,-0.002157
0.003636,-0.012222,-0.001683
-0.000177,-0.012447,0.000139
0.008826,-0.011538,-0.001912
0.009143,-0.010457,0.005695
0.002652,-0.013007,-0.001007
0.002347,-0.010929,-0.001726
0.007990,-0.010333,0.006751
0.002543,-0.012302,-0.001091
0.009770,-0.011587,-0.003264
0.013071,0.005053,-0.015525
0.007326,-0.011412,-0.001048
0.007488,-0.012449,-0.002186
0.008326,-0.010407,0.006130
0.003807,0.001775,-0.012769
0.010302,-0.010418,0.001177
0.013226,0.007450,-0.009685
0.004083,-0.004937,-0.016171
-0.008150,-0.002682,-0.010199
0.013414,0.005331,-0.015035
0.008340,-0.010991,-0.001853
0.008038,0.007351,-0.012965
0.012289,-0.009699,0.003218
0.002410,-0.013399,-0.000973
-0.007606,-0.002555,-0.011050
0.005430,-0.012290,-0.002425
0.014966,0.003183,-0.015232
0.010011,-0.008783,0.002197
0.006968,-0.011685,-0.003247
0.009802,-0.010479,0.005671
-0.007878,-0.003316,-0.009703
0.010734,-0.011364,-0.003014
-0.001644,0.006994,0.000967
-0.006683,-0.003824,-0.010392
-0.003982,-0.003869,-0.010590
0.001970,-0.012883,-0.000971
0.011898,0.006246,-0.010000
0.014051,-0.006759,-0.008348
0.012078,0.004651,-0.015499
0.010275,-0.011918,-0.001201
0.004912,-0.005626,-0.015893
-0.013203,0.006506,-0.010746
0.007011,-0.011995,-0.002351
0.002643,-0.010603,-0.001913
0.012591,0.000750,-0.015384
-0.002406,0.001570,-0.005098
-0.000440,-0.012766,0.000268
0.006535,-0.005855,-0.015487
0.008817,-0.011794,-0.002663
0.007945,-0.011546,-0.002658
0.009767,-0.008468,0.004599
-0.006303,-0.003573,-0.009651
0.014491,0.005376,-0.015293
-0.002767,0.012646,-0.010915
0.004528,-0.012316,-0.002212
-0.006754,-0.005308,-0.007668
0.005355,-0.011669,-0.000566
-0.008729,-0.001999,-0.010372
-0.004993,-0.005795,-0.009385
-0.007866,-0.004120,-0.008619
0.012091,-0.009964,0.004583
0.012689,-0.010036,0.005149
0.004517,-0.012554,-0.002044
0.003124,-0.012580,-0.001647
0.011996,-0.009882,0.002817
0.013525,-0.009937,0.003957
-0.008884,-0.004352,-0.006337
-0.008809,-0.002266,-0.009585
-0.006469,-0.004014,-0.010436
0.012367,-0.010055,0.001294
0.010888,0.001575,-0.014101
-0.006754,-0.006049,-0.005492
0.000383,-0.012634,-0.000470
0.006927,0.007453,-0.012702
-0.010175,-0.000762,-0.010205
-0.010239,-0.000269,-0.010233
0.008593,0.008560,-0.012699
0.006756,0.004430,-0.013184
0.012619,-0.011428,-0.000025
0.013416,0.006044,-0.015459
0.013904,-0.009009,0.002441
0.010924,-0.010241,0.004587
0.001271,-0.013812,-0.000514
0.010789,-0.010520,0.004798
-0.008225,-0.005154,-0.006079
0.013591,0.003581,-0.015349
0.009828,-0.009202,0.004661
0.011229,-0.010047,0.002980
-0.001285,-0.012853,0.000513
-0.001527,-0.011770,0.000867
-0.005086,-0.008450,-0.002393
-0.012524,0.006354,-0.011625
0.003149,-0.012318,-0.001485
-0.003034,-0.011892,0.001701
0.012744,0.001856,-0.014889
0.008554,-0.011771,-0.002497
-0.004886,-0.005129,-0.009567
0.011237,0.012319,-0.007607
0.010505,-0.009713,0.002373
0.011212,-0.009836,0.003215
-0.007060,-0.003199,-0.011010
0.002409,-0.011198,-0.002285
0.003468,-0.012017,-0.001256
-0.018955,0.016495,-0.002492
0.011078,-0.009996,0.004227
0.003289,-0.012889,-0.001739
-0.021866,0.017005,0.002504
-0.002091,-0.011996,0.001427
0.000717,-0.012591,-0.000603
0.000542,-0.011206,-0.001791
-0.006612,-0.003029,-0.011847
-0.008485,-0.001816,-0.010998
0.001912,-0.012674,-0.001114
0.000297,-0.012553,-0.000574
0.000946,-0.012176,-0.000450
-0.001088,-0.011652,-0.000808
0.008104,-0.011140,-0.001814
-0.011815,0.002334,-0.010811
0.005644,-0.011321,0.003696
-0.007747,-0.003339,-0.009991
0.008937,-0.010333,0.005332
-0.000806,0.005777,0.002881
0.009542,-0.009559,0.004994
0.006957,-0.012471,-0.001000
0.004932,-0.012759,-0.001751
0.011169,-0.009572,0.000552
0.006712,-0.011274,-0.000722
0.008989,-0.011334,-0.003056
0.009698,-0.008426,0.004033
0.009780,-0.008367,0.003896
-0.008390,-0.002829,-0.009823
0.010582,-0.011331,-0.000546
0.011029,-0.011233,-0.003309
0.010793,-0.011633,-0.002591
0.010697,-0.009247,-0.002671
0.011192,0.010765,-0.010035
-0.001782,-0.012333,0.001157
-0.000130,-0.010755,-0.001810
0.011259,0.006290,-0.010120
-0.001187,-0.012514,0.000461
0.006852,-0.010402,-0.005619
0.007734,-0.011129,-0.003634
-0.007700,-0.004341,-0.008536
0.005888,-0.012472,-0.002554
0.012448,-0.010095,0.003680
0.012833,-0.009761,0.003207
0.009643,-0.011656,-0.001756
0.009777,-0.011545,-0.001458
0.009694,-0.009055,0.004872
0.000800,-0.013701,-0.000403
0.014813,0.006510,-0.015287
0.008799,-0.010540,-0.003535
0.010045,-0.011615,-0.002524
0.013121,0.005769,-0.015463
0.009016,-0.009643,0.004853
-0.002678,-0.007098,-0.008549
0.010009,0.007221,-0.009615
0.002989,-0.012223,-0.001114
0.014687,0.007959,-0.014833
0.002612,-0.012261,-0.000792
0.003910,-0.012580,-0.001482
0.010115,-0.010119,0.004341
0.013557,-0.009521,0.000199
0.012599,-0.009355,0.002419
0.010280,-0.010568,-0.005471
0.005855,-0.011247,0.000333
0.001334,-0.013075,-0.000664
-0.000200,-0.013350,0.000029
-0.009206,-0.001983,-0.009659
-0.008693,-0.002531,-0.009687
0.001236,-0.012420,-0.000853
0.010022,-0.011009,-0.001579
-0.007827,-0.005420,-0.005673
-0.011900,-0.000319,-0.006011
0.003702,-0.012666,-0.001740
0.003996,-0.011962,-0.001665
0.010624,-0.010612,0.005019
0.010802,-0.009833,0.002803
0.010213,-0.009755,0.003101
-0.006424,-0.004219,-0.009664
0.015182,0.004024,-0.015328
-0.000399,-0.012641,-0.000060
0.011281,-0.010200,0.004306
0.008200,-0.009671,0.004331
0.007549,0.005227,-0.013125
0.001502,-0.012509,-0.001163
-0.013270,0.001409,-0.008295
0.005035,0.003188,-0.012940
0.011510,-0.011760,-0.002459
0.009181,-0.011572,-0.001405
0.012130,-0.009943,0.003832
0.013788,-0.009766,0.004618
0.000567,-0.012065,-0.000030
-0.000052,-0.012562,-0.000354
0.000565,-0.012848,-0.000385
0.010639,-0.009285,0.003978
0.007415,-0.011461,-0.000976
-0.008952,-0.002090,-0.009741
0.014029,0.006471,-0.015045
0.012349,0.007191,-0.009903
0.003684,-0.013029,-0.001281
-0.001234,-0.012083,0.000583
0.002649,-0.011335,-0.002889
0.012554,0.004368,-0.015129
0.015019,-0.008746,-0.005925
-0.007893,-0.003016,-0.010012
0.008923,-0.011528,-0.001270
-0.000045,-0.005445,-0.015128
0.011474,-0.009668,0.002620
0.009163,-0.011894,-0.002812
0.005430,0.000953,-0.013488
-0.006573,-0.003923,-0.010609
0.008083,-0.007996,0.004138
0.006857,-0.011152,-0.002115
0.000443,-0.012692,-0.000496
-0.008021,-0.003417,-0.009253
-0.007281,-0.003791,-0.010066
0.013465,-0.009795,0.004687
0.014578,-0.003377,-0.013717
0.011158,-0.009901,0.003869
-0.010196,-0.001413,-0.008889
0.015768,-0.008502,-0.008112
0.011588,-0.009880,0.003397
0.002614,-0.012412,-0.001455
0.005182,-0.012276,-0.002607
0.001809,-0.011845,-0.001268
0.009829,-0.011533,-0.002154
-0.002402,-0.008254,-0.006940
0.009997,-0.011655,-0.001331
0.000626,-0.013190,-0.000588
0.004820,-0.012624,-0.001970
0.003534,-0.012810,-0.001603
0.009270,-0.009514,0.005282
0.002108,-0.012284,-0.000992
0.001661,-0.012514,-0.001009
0.005637,-0.011520,-0.000120
0.010774,-0.009698,0.003015
0.002427,-0.013077,-0.001257
0.014295,0.003461,-0.009582
0.009975,-0.009064,0.005263
-0.006070,-0.003429,-0.011308
0.008475,-0.011987,-0.002480
0.014031,-0.009707,0.004093
0.010581,-0.011491,-0.003392
0.009775,-0.009819,0.001301
-0.004407,-0.002198,-0.015772
0.011336,-0.010228,0.003120
0.010069,-0.011145,-0.000225
0.012558,-0.008467,-0.000760
0.006756,0.007456,-0.012725
-0.017887,0.019158,-0.003469
0.004659,-0.010230,-0.002189
0.006770,-0.011448,-0.000251
0.000290,-0.014318,0.000115
0.008484,0.003599,-0.012967
0.020661,-0.005268,-0.008657
0.001427,-0.013415,-0.000503
0.014906,0.005334,-0.015285
0.006134,-0.011184,0.001429
-0.002750,-0.011869,0.001861
0.011976,0.007862,-0.009313
-0.005372,-0.005354,-0.009639
0.001020,-0.013907,-0.000236
0.001038,-0.012379,-0.001131
0.010916,-0.010885,0.000188
0.014821,0.005664,-0.015339
-0.003770,-0.010991,-0.000784
-0.009038,-0.003417,-0.008014
-0.000669,-0.012306,0.000368
0.000051,-0.012733,-0.000223
0.009586,-0.009537,0.004427
0.008949,-0.011494,-0.000742
0.005600,-0.012494,-0.001759
0.009746,-0.011628,-0.001724
0.009307,-0.011636,-0.001357
0.012974,0.006462,-0.010230
0.005479,-0.011196,-0.001022
0.007806,0.008256,-0.012377
0.000544,-0.012842,-0.000545
0.013570,0.006840,-0.015403
0.002711,-0.013271,-0.000748
0.001797,-0.012504,-0.001281
0.013098,0.003224,-0.014041
0.010203,-0.010305,0.003713
-0.000098,-0.003536,-0.015910
-0.006657,-0.003343,-0.010899
0.012780,0.007920,-0.009542
0.004842,-0.005166,-0.016217
0.011965,-0.010305,0.005506
0.004988,0.003393,-0.012779
0.014934,-0.010003,-0.006506
0.012371,-0.011549,-0.000570
0.001824,-0.013136,-0.001007
0.005466,-0.005263,-0.016185
0.007319,-0.011438,-0.001989
0.002302,-0.012955,-0.001045
0.012561,-0.009486,0.001766
-0.007337,-0.003305,-0.010465
0.009013,-0.011744,-0.002638
0.000556,-0.012087,-0.000513
-0.011003,-0.000531,-0.009673
0.000412,-0.012622,-0.000516
-0.001365,-0.011876,0.001090
0.000377,-0.012333,-0.000868
0.003272,-0.012417,-0.001315
0.015490,-0.009013,0.003771
0.009136,-0.009813,0.002034
0.007410,-0.011391,0.001445
0.014955,0.004096,-0.015219
0.000441,-0.013268,-0.000736
0.009220,-0.011703,0.000214
0.011692,0.002169,-0.014314
0.014652,0.003978,-0.015389
0.008445,-0.008907,0.005782
0.009972,-0.010169,0.004587
0.013086,-0.009907,0.003822
0.008771,-0.010427,0.005884
0.009337,-0.009829,0.004492
-0.003214,-0.009337,-0.002432
0.009880,-0.011573,-0.002304
0.000149,-0.008283,-0.007298
0.000375,-0.013747,-0.000011
0.013868,-0.009771,0.003762
0.009353,-0.010108,0.003606
0.008592,-0.011911,-0.001975
-0.009522,-0.000681,-0.010580
0.010275,-0.010360,0.001145
-0.008647,-0.002519,-0.009990
0.006619,-0.011714,-0.000967
0.002354,-0.012158,-0.001224
-0.011191,0.005553,-0.013041
0.003543,-0.012440,-0.002011
0.002623,-0.013046,-0.001245
0.001723,-0.012953,-0.000717
0.022938,-0.003641,-0.007650
0.013528,-0.010484,0.002294
0.004270,-0.012476,-0.002099
-0.000791,-0.012161,-0.000155
0.013242,-0.010462,0.002489
